4294967279,107
4294967279,106
4294967279,105
4294967279,557
4294967278,369
4294967279,534
4294967278,368
4294967279,108
4294967279,297
4294967279,296
4294967279,109
4294967279,116
4294967279,115
4294967279,114
4294967279,113
4294967279,112
4294967279,111
4294967279,110
4294967279,295
4294967278,344
4294967278,6
4294967278,5
4294967278,4
4294967279,132
4294967279,131
4294967279,130
4294967279,129
4294967279,128
4294967279,127
4294967279,126
4294967279,125
4294967279,124
4294967279,123
4294967279,122
4294967279,121
4294967279,120
4294967279,119
4294967279,118
4294967279,117
4294967279,169
4294967279,556
4294967278,367
4294967278,48
4294967278,44
4294967278,42
4294967278,41
4294967278,40
4294967278,39
4294967278,37
4294967278,36
4294967278,35
4294967278,34
4294967278,32
4294967278,31
4294967278,28
4294967278,27
4294967278,26
4294967278,25
4294967278,290
4294967278,24
4294967278,23
4294967278,22
4294967278,21
4294967278,20
4294967278,284
4294967278,19
4294967278,18
4294967278,286
4294967278,17
4294967278,16
4294967278,283
4294967278,15
4294967278,14
4294967278,13
4294967278,12
4294967278,11
4294967278,10
4294967278,9
4294967278,304
4294967278,8
4294967278,263
4294967278,7
4294967279,314
4294967278,317
4294967278,163
4294967279,313
4294967278,162
4294967278,49
4294967278,314
4294967278,160
4294967278,47
4294967278,299
4294967278,38
4294967294,114
4294967279,310
4294967278,46
4294967278,298
4294967279,158
4294967279,309
4294967278,366
4294967278,45
4294967279,157
4294967278,156
4294967294,437
4294967279,290
4294967278,43
4294967278,155
4294967279,154
4294967278,154
4294967278,153
4294967279,152
4294967278,150
4294967278,152
41,5
41,4
4294967278,151
41,3
41,2
41,1
4294967278,295
4294967279,150
4294967278,149
4294967279,148
4294967278,148
4294967279,147
4294967279,305
4294967278,147
4294967279,146
4294967278,146
4294967279,143
4294967278,33
4294967278,145
4294967278,308
4294967279,304
4294967279,287
4294967278,144
39,6
4294967278,29
4294967278,291
4294967278,141
4294967279,142
4294967279,303
4294967278,30
4294967278,307
4294967279,141
39,5
4294967279,139
39,4
4294967279,138
39,3
39,2
39,1
4294967279,137
4294967279,272
4294967294,120
4294967279,134
38,5
4294967279,133
4294967279,271
38,4
38,3
38,2
38,1
4294967279,270
4294967279,282
4294967279,266
4294967279,264
4294967279,263
37,5
4294967279,262
37,4
37,3
37,2
37,1
4294967278,365
4294967279,261
4294967279,275
4294967279,258
4294967279,300
4294967279,257
36,5
4294967279,255
36,4
4294967279,254
36,3
36,2
36,1
4294967279,555
4294967279,253
4294967278,258
4294967294,468
4294967294,401
4294967294,170
4294967294,162
4294967294,902
4294967294,917
4294967294,915
4294967294,912
4294967294,185
4294967278,257
4294967278,340
4294967278,364
35,5
4294967294,387
4294967294,388
4294967279,554
4294967278,363
4294967279,553
35,4
4294967278,337
35,3
35,2
35,1
4294967278,255
4294967279,552
4294967278,362
4294967278,335
4294967279,551
4294967279,550
4294967278,361
4294967278,334
4294967294,115
4294967278,251
4294967278,250
4294967278,252
4294967279,549
4294967279,548
4294967279,547
4294967278,247
4294967278,243
4294967278,240
4294967278,238
4294967278,234
4294967278,237
4294967278,236
4294967278,235
4294967278,51
4294967278,50
4294967279,63
4294967279,62
4294967279,60
4294967279,59
4294967279,58
4294967279,57
4294967279,56
4294967279,55
4294967279,54
4294967279,53
4294967279,52
4294967279,51
4294967279,49
4294967279,48
4294967279,47
4294967279,45
4294967279,44
4294967294,469
4294967278,233
4294967278,229
4294967278,228
4294967278,231
4294967278,227
4294967294,390
4294967278,225
4294967278,223
4294967278,221
4294967294,99
4294967294,107
4294967294,90
4294967294,86
4294967294,84
4294967294,53
4294967294,45
4294967294,427
4294967294,41
4294967294,38
4294967294,36
4294967294,39
4294967294,42
4294967278,217
4294967278,216
4294967278,219
4294967278,215
4294967278,360
4294967278,212
4294967279,546
4294967278,359
4294967279,545
4294967279,42
4294967279,38
4294967279,37
4294967279,36
4294967279,35
4294967279,32
4294967279,31
4294967279,29
4294967279,28
4294967279,27
4294967279,25
4294967279,23
4294967279,22
4294967279,21
4294967279,20
4294967279,17
4294967279,15
4294967279,13
4294967279,11
4294967279,10
4294967294,471
4294967294,424
4294967294,51
4294967294,920
4294967294,92
4294967294,88
4294967294,82
4294967294,1414
4294967279,544
4294967279,0
4294967278,358
4294967278,357
4294967278,132
4294967278,131
4294967278,130
4294967278,129
4294967278,128
